0 0.4361276022575823 0.020899423977985405 0.06151528567105131 0.03391227286993859
0 0.4680682313560128 0.08872396971786257 0.07176783328289328 0.03864421792155792
0 0.4858130252995853 0.1648294192980736 0.07097917577429004 0.04101019044736758
0 0.5083907906698462 0.23073120499631483 0.07560683553551555 0.039106983897680504
0 0.5650959173214829 0.3118781965840018 0.07821396779536101 0.03845520083271914
0 0.5934484806473012 0.3751011538852519 0.07495505247055427 0.042365899222487194
0 0.6270153084928103 0.4445160503036347 0.07169613714574753 0.03649985163783509
0 0.657975004078474 0.5074131160724041 0.07495505247055427 0.03454450244295108
0 0.7172872629899559 0.6475464750390925 0.11666916862808009 0.06061582504140478
0 0.7795325456937641 0.771711148914228 0.11732095169304138 0.0703925710158249
0 0.8616083281490207 0.43139565720596273 0.1017368186098156 0.047319450516193386
0 0.8781701358296883 0.3466149750311163 0.08911829847216425 0.05599468311082879
