0 0.05750456607587585 0.13988571559523405 0.019829160715819256 0.020910751300318504
0 0.28481885391813117 0.3050085448287835 0.023794992858983094 0.017305449351987714
0 0.5159187088061338 0.470491904257166 0.02379499285898314 0.01946863052098619
0 0.737825043725893 0.6321896966398012 0.019108100326153066 0.023434462664150016
0 0.9626156202043166 0.7953296098017687 0.016584388962321554 0.02307393246931698
0 0.3776553790876486 0.1553885139730564 0.015502798377822317 0.020189690910652324
0 0.6134421265084813 0.3250179706420193 0.019108100326153066 0.021992341884817742
0 0.840215619058487 0.48960000458331915 0.019108100326153152 0.02379499285898314
0 0.8788742885862701 0.3320155339690067 0.014748962515898606 0.017698755019078343
0 0.6753386058668691 0.18255938047456735 0.008849377509539217 0.015076717238474155
0 0.453284781321951 0.02130405696740912 0.00786611334181255 0.013110188903020998
