0 0.8655679102686616 0.3844821744273743 0.1298351865402992 0.07805567762244178
0 0.7844209186809746 0.2353262756042924 0.10665033180096001 0.08887527650080006
0 0.6600792489480133 0.42386536337885217 0.06070300969933748 0.05172952130900066
0 0.6709002202422429 0.52336551405994 0.049618112275980175 0.050145964534235386
0 0.6410765676508292 0.5977926824739105 0.048034555501214896 0.04697885098470465
0 0.6235854632750123 0.6696525694500036 0.054224822893479366 0.054224822893479366
0 0.008923122322118658 0.25321838234101174 0.0130872460724407 0.037675405360056535
0 0.06147039821903965 0.21534468537379697 0.023794992858983094 0.04521048643206788
0 0.07059181214831649 0.12948441947429964 0.023794992858983084 0.040848071074587655
0 0.11600059018754251 0.054728483575661076 0.055125066789977466 0.04521048643206785
