0 0.9204994241393955 0.3703239990960798 0.07363995393115164 0.04106843584621918
0 0.9389094126221833 0.42803223222481884 0.06655918913007938 0.04036035936611195
0 0.41634897030304957 0.39192033173935026 0.04673304768707703 0.07576418337147332
0 0.5034423773562385 0.44892048838798204 0.06372688320965039 0.05947842432900713
0 0.5940761668099637 0.5377840866414391 0.06089457728922158 0.06868341857040106
0 0.39956755772450825 0.8704030131718089 0.08100394932426683 0.03660755402154371
0 0.4930336530986622 0.8828651592216961 0.07321510804308726 0.041280858790251285
0 0.5709220659104572 0.9498491942398396 0.13085253352381554 0.08022506519614878
0 0.7430554582245241 0.7216361447012805 0.10125493665533353 0.13318918590816933
0 0.9471230997914262 0.15032463672676416 0.06386849850567176 0.04205974291836926
0 0.9233671338838285 0.0490697000714308 0.06464738263378964 0.043617511174605154
0 0.504716915020431 0.02726094448412822 0.059195193736964115 0.051406352455784635
0 0.42293408156804635 0.12267425017857697 0.03582866989342567 0.06153184612131798
