5 0.205937 0.579507 0.050625 0.076521
2 0.159792 0.273236 0.149583 0.353863
1 0.452500 0.875513 0.184167 0.173572
1 0.284896 0.891004 0.056042 0.079881
5 0.654375 0.615342 0.045417 0.069802
5 0.310625 0.600411 0.046667 0.075028
5 0.299063 0.707167 0.054375 0.081747
5 0.245729 0.733669 0.054375 0.076521
5 0.261458 0.556738 0.047917 0.077268
5 0.192188 0.677678 0.054375 0.081747
5 0.673333 0.801232 0.045417 0.069802
5 0.608958 0.785368 0.045417 0.070175
5 0.673750 0.702688 0.045417 0.069802
5 0.615208 0.689623 0.045417 0.069802
5 0.634375 0.888205 0.045417 0.069802
