1 0.367708 0.843038 0.166667 0.295259
0 0.177396 0.719485 0.020208 0.038447
0 0.140417 0.782755 0.019583 0.041060
0 0.268229 0.831654 0.021875 0.044046
0 0.237604 0.904442 0.030625 0.047779
5 0.481042 0.182531 0.072500 0.134378
0 0.112396 0.431878 0.015208 0.019410
0 0.076042 0.499067 0.012500 0.017917
0 0.057500 0.179171 0.011250 0.018664
5 0.643229 0.643710 0.073125 0.132512
5 0.542396 0.676932 0.074792 0.120567
5 0.613750 0.478723 0.060000 0.124300
5 0.517604 0.503359 0.074375 0.129526
5 0.592187 0.308137 0.076875 0.139231
5 0.501354 0.343412 0.076458 0.135872
5 0.566354 0.154722 0.076875 0.139231
