3 0.069062 0.167600 0.035625 0.032848
3 0.101250 0.528555 0.025000 0.027622
3 0.291042 0.515677 0.023750 0.038447
3 0.293750 0.847518 0.040000 0.076521
3 0.543542 0.647070 0.016667 0.066069
3 0.613646 0.437850 0.036875 0.044793
3 0.686667 0.846958 0.037500 0.075401
3 0.836042 0.836693 0.036250 0.081000
3 0.840729 0.592012 0.033958 0.099291
3 0.843750 0.349384 0.035000 0.032102
3 0.870833 0.132325 0.026250 0.045913
3 0.692917 0.081187 0.033333 0.026502
3 0.554375 0.186823 0.029167 0.024263
3 0.385729 0.367115 0.029792 0.026502
3 0.341354 0.102464 0.035208 0.026502
