3 0.303854 0.964166 0.018542 0.036581
3 0.433125 0.934864 0.012500 0.037701
3 0.436875 0.748040 0.014167 0.039567
3 0.400417 0.608436 0.016667 0.041060
3 0.374583 0.447555 0.015000 0.035088
3 0.386875 0.259798 0.013333 0.043300
3 0.286042 0.382792 0.018750 0.033968
3 0.797188 0.817283 0.014792 0.018290
3 0.889167 0.644270 0.014167 0.020903
3 0.898125 0.217245 0.015417 0.017917
3 0.930417 0.036021 0.012083 0.016051
3 0.813333 0.110862 0.019583 0.019410
3 0.800625 0.281635 0.015417 0.015304
3 0.846250 0.406495 0.013750 0.019410
3 0.757708 0.551138 0.014583 0.021277
3 0.734583 0.411907 0.021667 0.025756
