3 0.067812 0.796753 0.018125 0.023516
3 0.127500 0.700821 0.017083 0.019037
3 0.182396 0.591825 0.015625 0.020530
3 0.239583 0.492721 0.015417 0.021650
3 0.294896 0.402389 0.016458 0.020157
3 0.359063 0.303845 0.019792 0.022396
3 0.404792 0.176558 0.013333 0.031355
3 0.469271 0.097051 0.009792 0.029862
3 0.630313 0.068122 0.014375 0.031728
3 0.576146 0.170026 0.015208 0.025009
3 0.517188 0.276596 0.007292 0.034341
3 0.674479 0.240015 0.011042 0.035834
3 0.616667 0.369168 0.018333 0.024636
3 0.453021 0.403882 0.013542 0.029862
3 0.560417 0.494774 0.013333 0.032475
3 0.505729 0.617954 0.026458 0.019784
3 0.446562 0.710526 0.010625 0.040687
3 0.382083 0.825308 0.016250 0.024636
3 0.390729 0.503173 0.023125 0.027622
3 0.342813 0.617954 0.012708 0.021277
3 0.281771 0.700635 0.015208 0.023890
3 0.319479 0.917693 0.017708 0.019037
3 0.224792 0.817096 0.014167 0.026876
3 0.169687 0.942703 0.009792 0.025756
