3 0.112500 0.206420 0.041667 0.040314
3 0.115000 0.514744 0.030000 0.050765
3 0.185000 0.883539 0.045000 0.050765
3 0.287917 0.703621 0.034167 0.052258
3 0.283333 0.372900 0.035000 0.050765
3 0.495417 0.617021 0.035833 0.049272
3 0.318333 0.031728 0.040000 0.040314
3 0.520833 0.220605 0.035000 0.044793
3 0.697917 0.759612 0.032500 0.050765
3 0.523333 0.955954 0.030000 0.049272
3 0.779583 0.048899 0.014167 0.050765
3 0.705417 0.415454 0.035833 0.028369
3 0.916667 0.565510 0.040000 0.038820
3 0.888333 0.885778 0.036667 0.055244
